a = 0:1/11:1